506

11000101, 1110110101 011111011100, 133140,

00181110110111.
11101001 1011101 10 1101100, 380.
110111, 111. 01 81 1111101. 72.

0000000 mmmmm

0011 100 01 003111, 187, 212, 213, 321-
0οξ4140010000, uben 13000 0.. no·

10101, 104-108.
011 1103 01 1401011, 17-10, 47.
0101011 01 110 0111111 010101 quoted, 375.
001011, 1103 01 northumbria, 25, 53.
0010131, 1103 11110010101101, 44.
0111101, 1 010111 1103, 30, 58.
011101 01 1101110101111, 15, 285.
0141ἓ1ἔ101ὼ mn governor, 443, 443, 448,
0111110, 1103 01 0001001100, 285, 415.
01111,11 01 0011100101, 13, 285-287.
011011 1111111, 71

011110101111101, 1001 10110 80011, 0, 400.

010010001, 1103 01 010000, 92-09.

21111100, 1003110, 10 1001100137.

011100101ιο 001110110 1101100, 131, 389.

0000001101, 100 01 17011 10, 218-221.

0111101, 81, 271, 300, 40 ,410, 111, 100.

Pe 10 101011,187.

Pon king 01 1101011, 12, 284-288, 415.

001000100000101 0110010, 135.

01111001, 1100100301. 01 0111110, 471.

0001110000 010003 11011101, 13.

Petreius, 00111, 1 1101010 000111, 250.

Petronius ’101011110ομ man governor
01 0111110, 409.

0111010110 111110 10 1111101, 101.

0101111101, 1011111101101 1010100, 101

01011100 80011, 3, 30, 153,159,182-184,
305-308, 300, 304, 300, 407, 408.

Ρ11, 10 1001001 0111111 1103, 130.

010310οη0, 111). 01 0101011011, 38, 70.

00110113), 11110001 smyrna, 353.

001110110, 1103 01 01111011, 200.

001101, king 01 Britain, 120.

001111, 1001101 1103 01 0111010, 130.

Ponant, 0 Roman 000101, 111100, 130.

0011 1111101 10 Britain, 7.

0001100101, 1101101 10 010101, 387, 388.

0101011300, 1 0111111 1103, 410, 447.

011100, 110 0110101 ,1111011 111110, 234

11110001, 111). 01 1011, 237.
0010111100οι 111100 11 0711310, 255.

01100, tn· 010111 11000110, 02.
0000101100,ιο 1001101110301 0111110, 130.
000100, 10 1001001 1103 01 Britain, 130.
00310, 0103110101 11031011, 110.
00001, 1103 01 110 01011, 400.
010110001011110111101 0111001 01
amun, 41ος 0000001 01 1111101101,
1111115045ος 0100010 0110001111.
011011, 1103 01 11011111, 0101110, 239.
nno, 11031101, 252.

omnm mnu.

0111110, 1103 01 uttan, 123.

1101011, 0111 01 0100001101, 89, Ι.
011111111330 11...
Roman 1010011010111110, 408-471
Rome 00 11 0011001, 120.

1100, 110 01100 01 111101111οω, 234.
00111οι daughter 04 H lot-1⁹0.

0011 41001011οι111 00 mutu Ι

unffi& Ἣ 0101111111.

0011001010 1011103010οω08.

81111, 0103110101 01110011, 111.

81100100, 1103 01 Amorion, 881.

81001111010101, 110 01 Britan, 130.

8110100, 110. 01 0040, 248.

81010, 113). 01 1011, 217.

8110101001, 3010100101 1110011110 noct, 471.

811001 101110 10 0111110, 3-0, 183-101,
232-235, 272-274, 28540), 300.

80011, 000 01 An 01, 145.

80011, 11011 011310, , 450, 401.

80011 100 01010. 800 Pide.

8030101 0001001100 11111 81. 0111101, 410.

8031001, 001101 110 1110110300, 120.

80110000, 1103 01 11111, 200.

8010101, 301. 01 0111110, 150, 303-305, 471.

80101011 nn, 303, 448, 400

80110131, 00000011100101, 13

111111 1101311300 ¹¹·

81ἷ1911201ἰ31ὲ1014001 11110 14111111 11031, 120,

, 0

8101111100, 1103 01 1111011, 121.

81111010 1011011 11111, 407.

8030001011 011100, 157.

8101, 1010 01 110 1010 01 101311, 7, 11

80110, 1103 01 1101111010, 120.

8040613000, 000110 0111111000001, 447, 405,

8111111, 11110101 010101, 91, 387.

1000101101, 0010 01 00101111, 137.

1111010000, 110. 01 1011, 274.

11000011111), 01 0101011011, 14.

1100001101, emperor, 305, 450, 152, 407.

11001011). 01 100000, 274.

’11ὥορῖοο (Aaron), 0010001 00011011 1111·
17. ¹·

1041201000, 1301000011 1010111110 0111001,

10110101 1110, 380.

10110101 0000, 135, 200.

1111110, 00010 01 Herem, 103

1101011100, 1100110301. 01 0111110, 470.
mallines„ 11110001, 001010 301. 01 010
1101000001, 111). 01 01011000, 215.

111101, 110 010101, 430, 131

1101001 101110 10 Britain, 100, 887.
1010001, 0031011 01 010101, 100.

’1111010 01 0111010, 304, 314.

11110 01 0100100001, 324.
11111001, 1 001010 3000111 U, 471.

 

