608

61666361 616111, 446. Cur-penho· 11162 0618163166, mountain, 414
81636611, 66661616, 400. 0661-66616166611, 888. 0613161631, 416.
8166661616, 1116, 449, 467, 066136116180 140,160,184, 061161, 464.
477, 487. 888. 06116161, 416.
81136,1161166,410 0661-1636161, 688. 06661, to'l.
811366166, 447, 486. 0661163661, 894, 448. 0611666,11666,201,282,418.
811366116, 11636661, 447. 0661-16116, 888. 06111161, 11161, 462.
-6113 460. 0661-6166116, 886. 06116, 480.
811366166, 8611666447. 0661·11661,404. censu. 806.
81136, 11161, 400. 0661- 111668 06616, 6113, 441, 477, 494
81166161161166,600. 0616166111666,488. 011111,11161,441.
16161616116616611.66661181161116841.6666111106
--·8111116,316, ι468 0666161663α1,116, 484, 406. 06161616167.
Τη-8666666316, ,,487 cnlrmflforeo '31ss 1111111111 ggffittffiz
*81611166316687 0611661161161166, 488. 06136611, 880.
81111111 3116116666, 488 061666616460, 462. 0116666866, 6 16361 11116,
8166166666, 116, 401, 492 0616666166 11666, 282, 468. 80, 88
8116666666, 8116113,89. 448, 468 01611666161163, 807.
8111111, 61611666, 407ἶ’ 0616666166616616111613,464. 0161111, 163166 61, 428440.
8661666861166661161680. 0616666166111666, 464 011661616101161116161) 18
8111111116, moon, 406. 0616661111, 468. 0161 11616636,111666, 419
86166, 286. 0616161166,611666, 124184, 0166166116, 469, 470, 487
86116, 61 86116, 60 201, 202. - 600.
0611666, 6113, 489, 494, 46, 016116οΙ3 666, 661 487, oo
Cflffothnmmo, ‚Koynntm 497, 600. 0161661166, 16 xant, 80.
066616666661, 661166 Gemi· Cocboy, 416.
0661·16661,114,600. nn 1161116, 444, 446, 458, 06661116, 1113448, 467, 470
6661166116.161,466,104.491
06616666666191, 214 0666666661616161166, 06116111, 0611611111 448.
emmone, 886. 447, 467, 488 0611· -1116111, 86111666, 62.
0661661111, 868 0666611666, 661663, 448, 0066611311, 480
066161166166, 888. 467486. 0666616,1161161,468,492.
06616111, 61661488, 688 066616166661,116 484486 06116116, 488
0661661166 6166111 6,.182888 06611116, 109 0666111161, 1161166 488.
0661661166, 211, 212. 0611111616, 11161, 270. consulu 3116116661 16 811·

. 0661-661116,188. 6113661442. 1616, 488.

066166116111, 688. 0611366161, promontory, 448 0661166611, 407.
0661616666, 204 06631, 469, 486. 06166616636111, 440.
06616666, 688. 0663166616111661613,448. 0611616111,061166111,16116,
0611166611, 888. 06631661, 448444, 481. 161166, 446, 467, 470, 402
066161611166, 686. 0611316166, 1111161, 444 coronantes.
0661661666888409. 0666111661,1161166,404. 0611166116,1161166,406,400
0661316111,1’62,168,888,407. 06661161, river, 444 corium, 480, 400.
0661-31661, 888. 0661666666666, 469. 0616111 6661116, 66 661166
0661 -36661, 608. 0661611116 go, ,0661111636 88 from 0611116111, 102
066136161611, 680. cnuto, 46 Corstopitum, 0616166116,
0661366666366,886.06610616,804 1161166, 407.
0661366666608. 0661166 11616, 8, 488 01661161, 464
066136661136111, 886, 404, -— promontory, 421. 0166666661, 1161166, 408.

408.06611666111,11136661613488 016661166- 6161116, 61. 411.
0661- 66, 686. 467, 482. 0166 06616661, 894.
eaor-o om, 114. cantium, promont 422, 489 06661166161166, 404
0661116161 161116, 118 608. ——- 16316661. 480 0666111111, 11161, 489.
Coggolotr, ,,611611611,114 188,οἩ61111, 163166 61, 441, 444, 06116, town, ὤΜῚ

166
0661-113166808. ffissaemforo, 146616116ιῆ
06611166, 610666666180,0611161116,163166ο1107,441 20.

688408. 06116111,011616166111,21’. 0366111436111111, 81.
0661-16116611, 282, 886. 06166, 11161, 608.

0661-1116, 61 1666616, 108, 0616 0666166, town, 460 Dabrona, 11161, 480.

187, 888. 0611111163 661444, 446 ,407 86616, 128161. ⁴
0661-66613614888. 061111611661, 11161, 441, 488. 06111616, 889.
mmmm· 0616166166,0616166166,1616 Domum, 163166 61449.
11661-66661311888. 666611116161116 1111447, 866611, 81 , 460, 480, 441,
166-6616111. 192 686. 46847714784801488480. -·- 4111111. 466.

 

