510 5555555551551 nonu

1511155555, 51555155. 515,.11515551755570 0055551555, 59.
11551511, 51111555 0555555 1155511555 5

1151555115 m 5, prou. 551. 11515551555, 105. 05115551555, 60.

1555511115, σω1055510, 115155, river, 105. - 0151100551, 500.
1551155 1155150111, 555 515. -11511551100111115150

1551555055, 5151155, 501 15555515, 550. -151551155150

15515511515151155157.1155555155, 515. 500, 505, -- 0555115590

151155 155, 511155 55 151555, 500. 05515515555111551.
5555555005, 517.- 1111105555550551, 503. -555115 501, 551.

151555, 5151155, 59. 5151151515 1155115100. 0515555155, 55551551. 551

15055515, 500. 11555 Internum, 500. (0515515551οο5, 15155, 151.

5511555155, 070, 177. ·-· 5551555151 0 5.115511555,500

1551511515, 14511555,515·-15515,111. 0115555,Δ115555, 1555511.
11511, 500901555555. 110100 577.

11515115, 5111. 111, 132, 105, Margidunum, 51511511, 500. oman, 15150501, 500.
101017, 550, 10017190 Moridunum. 505, 553, 557, 05550551,ρ,5555551551 555

1515555155, 151555155,111,170570,505 050551515, region 51, m
115. 15551515, ρ55,511155, 500, 557, 010551555, 550, 553.

15155115, buy 555 11551155 1115555155515500 05555, town, 501, 500, 501.

15515515555,1’55151,507.11551555105011511,7. 0151551159.

1515551515, 51511511, 507. 155015 (1511151155501,500. 01150151, 150.

1515555551555. 510. Mediolanum, 150 011501515, 550.

-- town. 500. -- 5151155, 577, oxellum, promontory, 157

1551151550, 5 ron! 51115, 71. 500100.

1515515, 177. --- 1110 19. 0515055, 115.

155551555151155501.11515551555513 Ρι1155555155,501.

11151155, 51555, 550 11555 51551551Μ500570570 Ρ551511, 557.

115511055015505550. 11555555151551511,515.50551555555155, 12

1151115,5151155,507.1155501501.1955511511, 301.

9919099 ⁰¹ 999991 99 1111191991... ι. 1111001990...

1150555115555.115. 1111555155 Moruy, 10. 0555551155,ρ5515551.,111

0111195191.. 1109119999 011109109999
555 offlo‘o‘ffloffl’ 1111111ῑῆ11ᾛίξὲ ssssfflfflzm'mm'

1151115, 5550555501 1110015155, Milton, 30 055155515505151155155151.

1155- -0515511, 01505 prio, 571. 11115, 105 Roman, 570. 0151551555, station, 507.

15101115,51555,500. 1115555155, 505 5555515555117

11990199 99 1111910900... {mmm

1550155115 Auguste, 551550 11555105, 151550, 550. - Felix, 557.
111511550151515108017, 1155515515105 -— 1550515555, 507.
030, 150550, 500, 501, 505, 11551515 dnm 51551 (Ad), -1155555, 500705 507
501, 500- 500. 5151155, 500, 501. -- 1105151115, 50οἏ

155055,ηο5111 05511550, 75 11ο510115515,500 -0151551155515500

...,,, Mo

155551155503. 115 1155500, 507, 500, 501

1555111, 500. 1555Ιο115515, 5115. 553, 557.

11999 ...1900115991 11110 1900911109 9999999919οω9
15ἶ5105115ιψ151505111515,115μ,5115.,550,557.
...99111199 5199191 1019100111 0119091119
107,570,500,501.1151115511151, 101. 1153155011. ·

1551550.11115,055Ι · 1110555515115550011555551, Romnum, 505

1455511055151551150. 115510155ηο15, 11550] ,.07 570, 507.

555551555511555111555, 530507.

1151115, 150, 500. 1155115115, 5555155550 1151115, 51555, 507.

1555501555, 1555511555500.11555515500555555555551,11555550555,1155155 17.

11ιο5551555,500.550.115515551515, 550505,

·--5151155,507.115515555551555500,577,1111505 5505550559 ss.

05515051555151155, 500. 570, 507, mm 11050555, 550.

1555555059 11551115. 51555550. -51551551

 

