4444444444444 mm 448

nonnanis, 4444444441. mamm-burh 8 owlsstotvm
441, 444. 04444 4114444144, 11001444,

1144441444, 14444001. 1144444414, 408. 407.

1144444, 4444444, 484. 11144444441444 ,477,.484 (1444144044414408

1144414444, 0444444444, 444 111811 484, 04444444144, 404

1144444444 (Ad) 4444144477 ffiffimmwy m wamma&

44444, uem-mn zm 44444444 4414441444... 444

ssssffiffiffiffl mk& 4......4 nomm

1144444414441114.71. mm 4414444478, 441, 477.

Derbentio, ton, 481. 483, 400, 4001144474 1444, 8440441444,

1144444444, 444 amn-mn, 1444414888.380.104,140,144,080.
188404 844844844441414404 1144144444144 1144414404

Ρ4η4441444444 487. m 14444444444, 844444, 48 14.

84444414414411484144444, humum, 444. 11444 4448444444144 4 22
444, 447 m, 488, 4881144474418, 084.

- 110,41444 444,Ι 441, 7404414414, 01 11444444418, 084.

44444,,4441 481. 7144441481, 487, 400. 401 11444844, 44144, 441, 440

-- 444 478, 484, 404, 14444 14147144 44 84444844114841440407
401. 488. 11414414, 1141444444, 144. 441.

1144441484414408444, 440. -11444444441414441, 488 1144144444, 14 04441411,οῑ

namma. 04 - 1444444444, 484 1144444144, 4414, 441

11444, 14441444, 418 11444484444444448.1144444144,1411444 44, 441.

1114404Ρ Forum, 444, 480. —· 44484, 444 1144444114, 4114144444

1114444144, 817, 888404, 448. Pomm 71144444, 4444444. 1144444, mmmmm 1, 404

111444 1144414, 401, Fon, 444, 478 11 11444418, 18

1144444, 41444, 484. 144444, 41444, 48. 447, 444, 444, 447

1144441444 1144414444, 4414414444400. 1114444444 1441, 44441444, 480.

Dffffobeglogm' 44 0444440444, Fretum 811ζῇωῆ 448 114444441, 441.

11444444414, 0441440411 ,44, 10441114, tm, 441.

144188 (14844144, 4441444, 4841, 400. mmmmm

1144444444, 4441144, 400. (148444, 440. luemus, 41444, 440.

nubre, 4111 md 1441, 488. 048441414,441144 440, 14441, 447, 478.

Dubris, river, 488, 407. -—- 144444 440. 11144, 04414,41.

1141144,;;,41444080170408 0410441444414414 1444444, 14444444

nanum, 4441, 480. 0414114 mmmmm 141414 844444, 478, 477

1144441114 44, 44441041, 484. 44444114, 48. 114, 41444, m

1144144774, 4411 440, 447, 477. (1414444, 44444441401814414-1441414, 44044144, 884

11444144414447441, 440, 408 0414414444, 0411444444, tm, 1414440444.ωο

1144414444, 48 447 140448884840444414

”οῗ148444ῗ“48“· “⁶ ww ffiggffipm

0444444414, 44411444, (Ν. 044144, 04410414, 41444, 444 lm, ω1441,144444414114,

114444444144, 477. 0484444444444444, 404 mmcd 8444484444, 444

1144414444, nuruum, (144444444080. lm 1044414441 444, ⁴02
4141144, 488407. Omnium&- 404, 408.

1144411414 44 4444144, 400. 04444444, 018. -41444, 441, 440
114444444114444444144114· 044444144444,1444,400. -441 481441, 11444444,
441444411444441444,444. 04441441, 48, 008, 014. (41.7 7,,7470 401408
488, 447, 477, 480, 484 01414444 ,0444444441041441148 14444114, 440.

1144441444, 4444144484. 0144844444, 447, 444 ,4741 lutuno, 4441144, 484.

ffizrelffiugn 01470,Γ4ιο,οο,τ404 1444ὧ18444, 4441, 447, 478, 488,

4444444444ωῇ ronna, 444 algemus, 444 mmmm 444444 444.

0141444441, ι744444, 414. 01441, 0144444444, 044407. 144444, 41444, 440, 441.

(1414441444, (1444441444, 1444444 4181. 444400, 401.

11141444,11)14441,440.444444,440, 404. 1414, 41444, 444

Eboracum, 8144444444, 444· 4140444144·41441,108.

4141141 448 4440414114, (1444411444, 4444444440. 1444, 41444, 401
110447,448,484-480,400.044414441814440444441444-

ubtfflffimmmomm 4440444441 8448 Bm, for mm ,4444 444
ο

we, mm 0444444, οτι4441414441401, 414 1144104114.

W· W 377·

 

