1010018181011. minax. 811

1111οο018, 1818181. sture, 11181, 111. ozena, monn, 480.

14118111, 480. Sturium Amnem (48), ata· -10111441470
1010008811, itt tion, 484 1118118111 Amnem (48), ais·
11οο0181111,ωο 01111118,11181,488 1101400.

11111811, 400. 8111181110, 8118111101, 80. Uxorium. town, 440.
1111111018, 001011818110110· 8110118018, 8011101481.

polis, 488, 488, 482, 407. 8111118, 11181448. 0110011111, 481.

D 0

01100. mixtu, 01. 01. ’
1110188, init, 488. Τ8111101111,ρ10110111.,411. 0811188010111408.
11011110888111111111188, Tamara, 11181, 408. 0111111101Ηο81111,488.

470-800. -1081, 441, 477. -811011118 480.
Romana Insula, 448. 18118118,11181,441. —— 88181118, 488, 448,
111111,18180111111181,48,807. Tamen, 480, 401. 488.

Ruteni, 188. 18118818, 8111101, 800. -1481 atatim, 488

Rutunium, station, 484 Tavum (881, 8181101, 400. 480-401.

81111818 811881, 478. Taum, 477. 0818111111, 480.
1111811101, 448481. 08111, 8811111, 487, 480.

Sabrina, estuary, river, 111, Tenet, 1818 01 1111181, 48. —- 11181, 487, 480.

440, tta, 448, 448. 18110118, 441, 477. Varia, station, 488, 401.
-811111 01, 441. 1118118818, 11101, 488, 480, 011118,8181101,4801
Sabrinam 148), 8181101, 408. 448, 444. Vecta, 088118, 1818, 8, 7, 8,
, 880111101011011011480. 11811108, aton &wit
Siwaaonaoghabaii, 404. 1111088110, 180. 0001110181481.
salina, 448, 470, 400. 1118080818, town, 111111, 081110111480.
88110181,118110081,470. 480, 487. 081811, 420, 488.
8811001111448408. Τ181111,001011,111188 Δ· 08110111, 1811188, 480
811111818408 011 Solia, 488, 488. 18118111101818118101·
stannum, 0188111111, 8 1110118818, 88. 1011, 480.

Soeapigo, tho 1818 01 sheppoy, 111118, 1818, 410, 481. 08118118, 1818118, 480.
21. -- 01011108, 480. 0011110111, 480.
800111, 480, 481, 484, tot. Tibia, 11181408 08110118, 408.
880081811880011111101, 17. aiggooobano, toringam, 0811100188, 481.
8801181, 0101.,438, 481448 83. Vonromontum, station, 408
Segontia-oi, 488, 480, 407. 1111, 11181, 440, 481. 08111, Belgarum, 811 ., 480,
Saffitiumssoguntinmstip„ 1118111(481.010.,400,401. 4441487, 470, 408, 8.
,443,487,477,488,484 1110181804. cenom or 108101..
88110181, 440. 1188111881408 summm, 484, 488.
8811011818110101440. 1081018, 11181, 444. —— 81111111, 8110, 441,
0811181111), 818,4 0,401. 1011888,108,007,888. 487, 470, 408
081100881118,810100118,14 10111, 11101, 408. 0811111811, 8181101, 408.
88181, 18188, 403. 1101801118, 8111101, 408.· 0811101018, 404,
8810188410, 448484. Τ101118111011,11181,400. 0810181111111, Verulamium,
Sonus, 11181, 480. Τι1110111111,440,480,400. municipio, 448, 480, 488,
}2{⁰{{i,¹g¹ffss{11‚⁴{{,i,fflfflffi'ffl„ 01444 084114ὗῇ or 0111881111,
801110010118,880880100181. 111100811111, 108, 114, 120, promontory, 484.
{trinitat 00110110 iarn* ⁴³2
8111108, 421441, 443, 470. aripennum, 818, 488, 800. Via J nina, 408.

0181111111, 447. 11110118, 11181, 448. 01010118, town 1118011118 La·
8181111101111 Portus, 488 1111011111 (adt, 800. 1111 law, 481, 487, 400, 401.
Sitomagus, station, 404. Troy, Now, 108. Vidua, river, 480
snotingaham, Nottin 1.,18. 1188111181440488, 0888811111,188),81.,408,404
001018011110111, tion, 1188818,11181,480. 01188118, 01188108, 1818118,

430, 487, 477, 408. --- town, 482. 440, 488.

Soro, 11181, 114, 110. 11888111 (Δ81,811,400,401 01188118, 11181, 460.
Southampton, 430 111118, city, 888. Vindomora, station, 487.
spina, station, 404. 0118011118, 408. 407, 800.
Stoeningham, 8101011140. 0110011111,111100011111,444, 011801111, stip.. 480, 487.
8181111111, 31011810130140. 477, 488, 408. 0110111111, 0118011111, 447,
iiiiiiifitii⁸³⁵² iitiiffiiiitnt 1818811188...»
Ιυω180111110111111,18. 01011111814401 montom&

 

